4   76
180   4179
1   89
1   75
1   74
4   75
1   75
8   74
1   73
1   74
25   75
5   312
1   74
16   44
6   77
193   1573
20   74
28   1148
16   44
41   77
2   62
5   74
5   74
1   74
1   75
1555   2352
3789   3283
3   73
1   74
661   2683
1   74
6   816
2   1256
67   979
8   74
3   74
134   5310
3   623
1   74
3   74
2   74
2   74
10   76
186237   6313
8   76
1   80
6   75
1   74
16   44
15481   1310
4   74
18   77
2813   126
22   138
2   76
36   75
27   74
4148   7136
7   2094
19   74
1   74
11   77
87   2767
45   76
252   119
20   75
3   450
24   75
3   73
16   44
8   73
1518   2125
2   75
1   77
1   238
37238   7084
12   74
6   73
2   217
41   73
6   644
8   73
16   137
37   74
8   75
16   44
359   668
4   75
16   76
1   92
16   44
17   77
9   75
40   78
1   61
2   75
42   451
5   74
1   236
909   4990
1   76
3   73
11   75
1   58
36   75
1   75
30   1322
3   74
31   74
9   75
1   75
2   74
1   74
61   813
13436   2874
42   75
49   77
2   74
45   75
23   3252
12   74
73   75
14   79
2   611
26   72
2   74
1   74
2   234
31   616
77   74
5   74
1   74
3   1796
2   74
6   692
1   61
3   76
30   210
9   370
3   78
9   77
2   76
1   74
301021   7083
23   318
2   74
3   4398
104   75
1   74
7   75
10   75
13   80
2   74
4   74
6   112
1   75
5   74
4   75
2   157
24   74
2   76
