2   1
4   2
4107   177
17   1
3   5
2   1
3   1
3   1
2   7
2   1
3   9
240   4
2   1
2   1
5   5
1501   188
2   4
1076   23
5   24
2   1
2   1
2   3
2   6
2   1
3   2
2280   1441
3211   3540
2   1
2611   581
2   1
744   6
1184   2
907   60
2   1
2   2
5238   127
551   2
2   1
2   2
2   2
2   2
4   8
6241   186229
4   5
8   1
3   2
2   1
1238   14423
2   2
5   5
54   1142
66   21
4   1
120   7
2   4
7064   3961
2022   2
2   2
2   1
5   8
2695   87
4   52
47   129
3   5
378   3
3   6
2   4
2   1
2053   1303
5   1
166   1
7012   28285
2   1
2   5
2   1
572   6
65   11
2   40
3   1
596   149
3   1
4   9
20   2
5   13
3   6
6   5
2   1
379   25
3   2
164   1
4918   777
4   2
2035   42
3   2
3180   19
2   3
3   6
7   12
539   1
2   1
2   1
162   2
544   30
2   5
2   3
1724   3
620   7
2   1
4   2
138   22
298   7
5   6
2   1
7011   286981
1617   20
2   1
4326   1
3   28
2   2
3   1
3   2
8   17
2   1
3   2
2   3
3   1
85   1
2   2
4   1
