1   2
2   4
177   4107
1   17
5   3
1   2
1   3
1   3
7   2
1   2
9   3
4   240
1   2
1   2
5   5
188   1501
4   2
23   1076
24   5
1   2
1   2
3   2
6   2
1   2
2   3
1441   2280
3540   3211
1   2
581   2611
1   2
6   744
2   1184
60   907
1   2
2   2
127   5238
2   551
1   2
2   2
2   2
2   2
8   4
186229   6241
5   4
1   8
2   3
1   2
14423   1238
2   2
5   5
1142   54
21   66
1   4
7   120
4   2
3961   7064
2   2022
2   2
1   2
8   5
87   2695
52   4
129   47
5   3
3   378
6   3
4   2
1   2
1303   2053
1   5
1   166
28285   7012
1   2
5   2
1   2
6   572
11   65
40   2
1   3
149   596
1   3
9   4
2   20
13   5
6   3
5   6
1   2
25   379
2   3
1   164
777   4918
2   4
42   2035
2   3
19   3180
3   2
6   3
12   7
1   539
1   2
1   2
2   162
30   544
5   2
3   2
3   1724
7   620
1   2
2   4
22   138
7   298
6   5
1   2
286981   7011
20   1617
1   2
1   4326
28   3
2   2
1   3
2   3
17   8
1   2
2   3
3   2
1   3
1   85
2   2
1   4
