0   1
1   20
2   40
3   48
4   51
5   55
6   68
7   76
8   85
9   94
10   98
11   108
12   122
13   127
14   135
15   139
16   146
17   155
18   167
19   191
20   195
21   205
22   210
23   225
24   238
25   253
26   256
27   261
28   266
29   266
30   267
31   283
32   287
33   290
34   311
35   320
36   322
37   323
38   325
39   339
40   341
41   348
42   356
43   357
44   360
45   361
46   383
47   389
48   393
49   396
50   395
51   397
52   431
53   434
54   450
55   451
56   457
57   467
58   474
59   482
60   486
61   495
62   539.43373852397
63   542.6734693877551
64   536
65   537
66   561
67   571
68   577
69   579
70   591
71   595
72   627
73   633
74   635
75   643
76   654
77   693
78   705
79   707
80   708
81   748
82   758
83   776
84   821
85   827
86   851
87   907
88   916
89   949
90   984
91   993
92   1145
93   1250
94   1427
95   1446
96   1559
97   1757
98   1931
99   2143
100   3955
